[gd_scene load_steps=38 format=2]

[ext_resource path="res://addons/zylann.hterrain/hterrain_texture_set.gd" type="Script" id=1]
[ext_resource path="res://terrains/level_01/data.hterrain" type="Resource" id=2]
[ext_resource path="res://addons/zylann.hterrain/hterrain.gd" type="Script" id=3]
[ext_resource path="res://terrains/level_01/grey_sand/Ground049C_1K_Color.jpg" type="Texture" id=4]
[ext_resource path="res://terrains/level_01/brown_sand/Ground049B_1K_Color.jpg" type="Texture" id=5]
[ext_resource path="res://terrains/level_01/grass/Ground037_1K_Color.jpg" type="Texture" id=6]
[ext_resource path="res://terrains/level_01/grass/Ground037_1K_NormalGL.jpg" type="Texture" id=7]
[ext_resource path="res://addons/fish-shader/scripts/fish.gd" type="Script" id=8]
[ext_resource path="res://addons/fish-shader/assets/Fish Perch.tres" type="ArrayMesh" id=9]
[ext_resource path="res://addons/fish-shader/shader/fish.tres" type="Material" id=10]
[ext_resource path="res://scenes/water.tscn" type="PackedScene" id=11]
[ext_resource path="res://terrains/level_01/metal_fish/Metal038_1K_Roughness.jpg" type="Texture" id=12]
[ext_resource path="res://scripts/level.gd" type="Script" id=13]
[ext_resource path="res://assets/obj/waste/tire.obj" type="ArrayMesh" id=14]
[ext_resource path="res://assets/obj/waste/Beets.obj" type="ArrayMesh" id=15]
[ext_resource path="res://assets/obj/deco/cone_worksite.obj" type="ArrayMesh" id=16]
[ext_resource path="res://assets/obj/waste/cofee_cup.obj" type="ArrayMesh" id=17]
[ext_resource path="res://assets/obj/deco/garbage_bin.obj" type="ArrayMesh" id=18]
[ext_resource path="res://assets/models/newton/black_metal.tres" type="Material" id=19]
[ext_resource path="res://assets/obj/waste/barrier.obj" type="ArrayMesh" id=20]
[ext_resource path="res://assets/obj/plants/matteucia_struthiopteris_1.obj" type="ArrayMesh" id=21]
[ext_resource path="res://assets/obj/plants/textures/Moss03/Moss003_1K_Color.jpg" type="Texture" id=22]
[ext_resource path="res://assets/obj/plants/matteucia_struthiopteris_2.obj" type="ArrayMesh" id=23]
[ext_resource path="res://assets/obj/plants/matteucia_struthiopteris_3.obj" type="ArrayMesh" id=24]
[ext_resource path="res://terrains/level_01/grey_sand/Ground049C_1K_Roughness.jpg" type="Texture" id=25]
[ext_resource path="res://addons/zylann.scatter/scatter3d.gd" type="Script" id=26]
[ext_resource path="res://assets/obj/trees/yama01.tscn" type="PackedScene" id=27]

[sub_resource type="Resource" id=1]
script = ExtResource( 1 )
mode = 0
textures = [ [ ExtResource( 4 ), ExtResource( 5 ), ExtResource( 6 ), ExtResource( 4 ) ], [ null, ExtResource( 7 ), ExtResource( 7 ), ExtResource( 25 ) ] ]

[sub_resource type="CapsuleShape" id=2]

[sub_resource type="Shader" id=6]
code = "shader_type spatial;
render_mode blend_mix,depth_draw_opaque,cull_back,diffuse_burley,specular_schlick_ggx;

// fish params
uniform float timer;

uniform float twist_factor;
uniform float twist_factor_frequency;
uniform float s_factor;
uniform float s_factor_frequency;

uniform float frequency;
uniform float yaw_factor;
uniform vec3 translate;

uniform float head_z;
uniform vec4 head_color;
uniform float tail_z;
uniform vec4 tail_color;

// standard params
uniform vec4 albedo : hint_color;
uniform sampler2D texture_albedo : hint_albedo;
uniform float specular;
uniform float metallic;
uniform float roughness : hint_range(0,1);
uniform float point_size : hint_range(0,128);
uniform sampler2D texture_metallic : hint_white;
uniform vec4 metallic_texture_channel;
uniform sampler2D texture_roughness : hint_white;
uniform vec4 roughness_texture_channel;
uniform vec3 uv1_scale;
uniform vec3 uv1_offset;
uniform vec3 uv2_scale;
uniform vec3 uv2_offset;

void vertex() {
	
	float tmult = sin( timer * frequency );
	
	vec3 new_pos = VERTEX;
	vec3 tmp = VERTEX;
	// mix
	float dist_ht = tail_z - head_z;
	float ranged_z = ( min( max( VERTEX.z, head_z ), tail_z ) - head_z ) / dist_ht;
	vec4 ctrl_color = tail_color * ranged_z + head_color * (1.0-ranged_z);
	
	// twist
	float twist_a = ctrl_color.r * sin( VERTEX.z + timer * twist_factor_frequency ) * twist_factor;
	float twist_cos = cos( twist_a );
	float twist_sin = sin( twist_a );
	tmp.x = new_pos.x * twist_cos - new_pos.y * twist_sin;
	tmp.y = new_pos.x * twist_sin + new_pos.y * twist_cos;
	new_pos = tmp;
	
	// S factor
	float s_a = ctrl_color.g * sin( VERTEX.z - timer * s_factor_frequency ) * s_factor;
	new_pos.x += s_a;
	
	// yaw
	float yaw_a = ctrl_color.b * tmult * yaw_factor;
	float yaw_cos = cos( yaw_a );
	float yaw_sin = sin( yaw_a );
	tmp.x = new_pos.x * yaw_cos - new_pos.z * yaw_sin;
	tmp.z = new_pos.x * yaw_sin + new_pos.z * yaw_cos;
	new_pos = tmp;
	
	// translation
	new_pos += ctrl_color.a * translate * tmult;

	VERTEX = new_pos;
	
	// UV
	UV=UV*uv1_scale.xy+uv1_offset.xy;
	
}

void fragment() {
	vec2 base_uv = UV;
	vec4 albedo_tex = texture(texture_albedo,base_uv);
	ALBEDO = albedo.rgb * albedo_tex.rgb;
	float metallic_tex = dot(texture(texture_metallic,base_uv),metallic_texture_channel);
	METALLIC = metallic_tex * metallic;
	float roughness_tex = dot(texture(texture_roughness,base_uv),roughness_texture_channel);
	ROUGHNESS = roughness_tex * roughness;
	SPECULAR = specular;
}
"

[sub_resource type="ShaderMaterial" id=7]
shader = SubResource( 6 )
shader_param/timer = 2014.33
shader_param/twist_factor = 0.73
shader_param/twist_factor_frequency = -3.0
shader_param/s_factor = 0.5
shader_param/s_factor_frequency = 3.0
shader_param/frequency = 3.0
shader_param/yaw_factor = 0.0
shader_param/translate = Vector3( 0.37, 0, 0 )
shader_param/head_z = -0.46
shader_param/head_color = Color( 0.558, 0.105569, 0.0944706, 0.099451 )
shader_param/tail_z = 1.0
shader_param/tail_color = Color( 1, 1, 1, 1 )
shader_param/albedo = Color( 1, 1, 1, 1 )
shader_param/specular = 0.5
shader_param/metallic = 0.0
shader_param/roughness = 0.0
shader_param/point_size = 1.0
shader_param/metallic_texture_channel = Plane( 1, 0, 0, 0 )
shader_param/roughness_texture_channel = Plane( 1, 0, 0, 0 )
shader_param/uv1_scale = Vector3( 1, 1, 1 )
shader_param/uv1_offset = Vector3( 0, 0, 0 )
shader_param/uv2_scale = Vector3( 1, 1, 1 )
shader_param/uv2_offset = Vector3( 0, 0, 0 )
shader_param/texture_albedo = ExtResource( 12 )

[sub_resource type="SpatialMaterial" id=8]
albedo_color = Color( 0.34902, 0.34902, 0.34902, 1 )

[sub_resource type="SpatialMaterial" id=9]
albedo_color = Color( 0.882353, 0.372549, 0.172549, 1 )

[sub_resource type="SpatialMaterial" id=10]
albedo_color = Color( 0, 0.439216, 0.109804, 1 )

[sub_resource type="SpatialMaterial" id=11]
albedo_texture = ExtResource( 22 )

[sub_resource type="SpatialMaterial" id=12]
albedo_texture = ExtResource( 22 )

[sub_resource type="SpatialMaterial" id=13]
albedo_texture = ExtResource( 22 )

[node name="level_01" type="Spatial"]
transform = Transform( 1, 0, 0, 0, 1, 0, 0, 0, 1, -12, -2.90376, 0 )
script = ExtResource( 13 )

[node name="water" parent="." instance=ExtResource( 11 )]
transform = Transform( 128, 0, 0, 0, 128, 0, 0, 0, 128, -16.566, 4.95221, -18.268 )

[node name="sun" type="DirectionalLight" parent="."]
transform = Transform( 1, 0, 0, 0, 0.615483, 0.78815, 0, -0.78815, 0.615483, 0, 33.518, -56 )
shadow_enabled = true

[node name="HTerrain" type="Spatial" parent="."]
transform = Transform( 1, 0, 0, 0, 1, 0, 0, 0, 1, -160, 13, -155 )
script = ExtResource( 3 )
map_scale = Vector3( 0.53, 0.53, 0.51 )
_terrain_data = ExtResource( 2 )
chunk_size = 32
collision_enabled = true
collision_layer = 1
collision_mask = 1
shader_type = "Classic4Lite"
custom_shader = null
custom_globalmap_shader = null
texture_set = SubResource( 1 )
shader_params/u_ground_uv_scale = 20
shader_params/u_depth_blending = true
shader_params/u_triplanar = false
shader_params/u_tile_reduction = Plane( 0, 0, 0, 0 )

[node name="RigidBody" type="RigidBody" parent="."]

[node name="CollisionShape" type="CollisionShape" parent="RigidBody"]
shape = SubResource( 2 )

[node name="fish" type="MeshInstance" parent="."]
transform = Transform( -0.0895964, -0.000213163, 0.0444122, -0.00114828, 0.0999765, -0.00183666, -0.0443979, -0.00215556, -0.0895778, 13.2114, 1.79141, -0.346699 )
mesh = ExtResource( 9 )
material/0 = ExtResource( 10 )
script = ExtResource( 8 )
fish_translatex = 0.1
fish_yaw = 0.25
fish_twist = 0.8
fish_s = 0.38
fish_head_z = -1.16
fish_head_color = Color( 0.497255, 0.144431, 0.55, 0.11051 )

[node name="fish 2" type="MeshInstance" parent="."]
transform = Transform( -0.0951975, 0, 0.0306177, 0, 0.1, 0, -0.0306177, 0, -0.0951975, 12.9927, 1.70292, -1.07292 )
mesh = ExtResource( 9 )
material/0 = SubResource( 7 )
script = ExtResource( 8 )
frequency = 3.0
fish_twist_frequency = -3.0
fish_s_frequency = 3.0
fish_translatex = 0.37
fish_twist = 0.73
fish_s = 0.5
fish_head_z = -0.46
fish_head_color = Color( 0.558, 0.105569, 0.0944706, 0.099451 )

[node name="tire" type="MeshInstance" parent="."]
transform = Transform( 0.857074, 0.050613, 0.512703, 0.510724, -0.214287, -0.832612, 0.0677247, 0.975459, -0.209509, 15.1289, 3.02162, 4.38828 )
mesh = ExtResource( 14 )
material/0 = SubResource( 8 )

[node name="barrier" type="MeshInstance" parent="."]
transform = Transform( -0.190637, 0.0563377, -0.010995, 0, 0.0727218, 0.0931552, 0.0604773, 0.177588, -0.0346587, 17.358, 0.356915, -2.98545 )
mesh = ExtResource( 20 )
material/0 = null
material/1 = null
material/2 = null
material/3 = null
material/4 = null

[node name="cone_worksite" type="MeshInstance" parent="."]
transform = Transform( -0.0725879, -0.0687823, 0, 0.0687823, -0.0725879, 0, 0, 0, 0.1, 10.6967, 1.64824, 7.42021 )
mesh = ExtResource( 16 )
material/0 = SubResource( 9 )
material/1 = null
material/2 = null
material/3 = null
material/4 = null

[node name="cofee_cup" type="MeshInstance" parent="."]
transform = Transform( -0.00087978, 0.0090673, 0.00412433, -0.00796344, 0.00184708, -0.0057595, -0.00598411, -0.00379109, 0.00705819, 9.34996, 0.976971, 6.3819 )
mesh = ExtResource( 17 )
skeleton = NodePath("../cone_worksite")
material/0 = null
material/1 = null
material/2 = null

[node name="garbage_bin" type="MeshInstance" parent="."]
transform = Transform( 0.00734926, 0, 0.00678147, 0, 0.01, 0, -0.00678147, 0, 0.00734926, 22.696, 5.88362, 11.5035 )
mesh = ExtResource( 18 )
material/0 = SubResource( 10 )
material/1 = ExtResource( 19 )
material/2 = null
material/3 = null
material/4 = null
material/5 = null
material/6 = null
material/7 = null
material/8 = null
material/9 = null
material/10 = null
material/11 = null
material/12 = null
material/13 = null
material/14 = null
material/15 = null
material/16 = null
material/17 = null
material/18 = null
material/19 = null
material/20 = null
material/21 = null
material/22 = null
material/23 = null
material/24 = null
material/25 = null
material/26 = null
material/27 = null
material/28 = null
material/29 = null

[node name="beets_can" type="MeshInstance" parent="."]
transform = Transform( 0.145488, -0.262288, 0.00618789, 0.262323, 0.145308, -0.00849773, 0.00443234, 0.00953183, 0.299816, 11.6617, 2.24239, -0.00352615 )
mesh = ExtResource( 15 )
material/0 = null
material/1 = null

[node name="matteucia_struthiopteris_1" type="MeshInstance" parent="."]
transform = Transform( 0.1, 0, 0, 0, 0.1, 0, 0, 0, 0.1, 12.8996, 1.86473, 5.54239 )
mesh = ExtResource( 21 )
material/0 = SubResource( 11 )

[node name="matteucia_struthiopteris_2" type="MeshInstance" parent="."]
transform = Transform( 0.0943083, 0.0332556, 0, -0.0332556, 0.0943083, 0, 0, 0, 0.1, 11.1867, 2.21341, -1.75463 )
mesh = ExtResource( 23 )
skeleton = NodePath("../matteucia_struthiopteris_1")
material/0 = SubResource( 12 )

[node name="matteucia_struthiopteris_3" type="MeshInstance" parent="."]
transform = Transform( 0.0282925, 0.00997669, 0, -0.00997669, 0.0282925, 0, 0, 0, 0.03, 8.09239, 1.16291, 3.82334 )
mesh = ExtResource( 24 )
skeleton = NodePath("../matteucia_struthiopteris_2")
material/0 = SubResource( 13 )

[node name="Scatter3D" type="Spatial" parent="."]
transform = Transform( 0.07392, 0, 0, 0, 0.04, 0, 0, 0, 0.1, 0, 12, -18 )
script = ExtResource( 26 )
_scenes = [ ExtResource( 27 ) ]

[node name="Spatial3" type="Spatial" parent="Scatter3D" instance=ExtResource( 27 )]
transform = Transform( -0.622615, 0, 0.782528, 0, 1, 0, -0.782528, 0, -0.622615, -11.6756, 5.73742, -6.19221 )

[node name="Spatial4" type="Spatial" parent="Scatter3D" instance=ExtResource( 27 )]
transform = Transform( 0.606729, 0, 0.794909, 0, 1, 0, -0.794909, 0, 0.606729, -12.0973, 5.7783, -6.12438 )

[node name="Spatial5" type="Spatial" parent="Scatter3D" instance=ExtResource( 27 )]
transform = Transform( 0.168264, 0, -0.985742, 0, 1, 0, 0.985742, 0, 0.168264, -11.8535, 8.53233, -33.8009 )

[node name="Spatial6" type="Spatial" parent="Scatter3D" instance=ExtResource( 27 )]
transform = Transform( -0.402823, 0, 0.915278, 0, 1, 0, -0.915278, 0, -0.402823, -11.6618, 8.71113, -34.6747 )

[node name="Spatial7" type="Spatial" parent="Scatter3D" instance=ExtResource( 27 )]
transform = Transform( -0.25428, 0, -0.967131, 0, 1, 0, 0.967131, 0, -0.25428, -11.5546, 8.89084, -35.0497 )

[node name="Spatial8" type="Spatial" parent="Scatter3D" instance=ExtResource( 27 )]
transform = Transform( -0.197463, 0, -0.98031, 0, 1, 0, 0.98031, 0, -0.197463, -11.347, 9.27588, -35.7241 )

[node name="Spatial9" type="Spatial" parent="Scatter3D" instance=ExtResource( 27 )]
transform = Transform( 0.208707, 0, 0.977978, 0, 1, 0, -0.977978, 0, 0.208707, -11.2738, 9.68179, -36.424 )

[node name="Spatial10" type="Spatial" parent="Scatter3D" instance=ExtResource( 27 )]
transform = Transform( -0.58137, 0, 0.813639, 0, 1, 0, -0.813639, 0, -0.58137, -11.1125, 10.1131, -37.6271 )

[node name="Spatial11" type="Spatial" parent="Scatter3D" instance=ExtResource( 27 )]
transform = Transform( -0.949707, 0, 0.31314, 0, 1, 0, -0.31314, 0, -0.949707, -10.8029, 10.4636, -39.8758 )

[node name="Spatial12" type="Spatial" parent="Scatter3D" instance=ExtResource( 27 )]
transform = Transform( 0.285927, 0, 0.958251, 0, 1, 0, -0.958251, 0, 0.285927, -10.4366, 10.7501, -42.6169 )

[node name="Spatial13" type="Spatial" parent="Scatter3D" instance=ExtResource( 27 )]
transform = Transform( 0.0272369, 0, -0.999629, 0, 1, 0, 0.999629, 0, 0.0272369, -10.0661, 11.2674, -46.0763 )

[node name="Spatial14" type="Spatial" parent="Scatter3D" instance=ExtResource( 27 )]
transform = Transform( 0.384617, 0, 0.923076, 0, 1, 0, -0.923076, 0, 0.384617, -9.4177, 11.3967, -52.0981 )

[node name="Spatial15" type="Spatial" parent="Scatter3D" instance=ExtResource( 27 )]
transform = Transform( 0.984181, 0, -0.177167, 0, 1, 0, 0.177167, 0, 0.984181, -4.37576, 5.51629, -97.4199 )

[node name="Spatial16" type="Spatial" parent="Scatter3D" instance=ExtResource( 27 )]
transform = Transform( 0.0274377, 0, 0.999624, 0, 1, 0, -0.999624, 0, 0.0274377, -4.30233, 7.38116, -101.716 )

[node name="Spatial17" type="Spatial" parent="Scatter3D" instance=ExtResource( 27 )]
transform = Transform( 0.178107, 0, 0.984011, 0, 1, 0, -0.984011, 0, 0.178107, -2.43855, 7.84207, -122.056 )

[node name="Spatial18" type="Spatial" parent="Scatter3D" instance=ExtResource( 27 )]
transform = Transform( -0.294397, 0, -0.955683, 0, 1, 0, 0.955683, 0, -0.294397, -0.652862, 10.591, -139.36 )

[node name="Spatial19" type="Spatial" parent="Scatter3D" instance=ExtResource( 27 )]
transform = Transform( -0.829982, 0, -0.55779, 0, 1, 0, 0.55779, 0, -0.829982, 1.68881, 10.8265, -149.206 )

[node name="Spatial20" type="Spatial" parent="Scatter3D" instance=ExtResource( 27 )]
transform = Transform( -0.894791, 0, -0.446485, 0, 1, 0, 0.446485, 0, -0.894791, 0.262791, 9.6137, -136.225 )

[node name="Spatial21" type="Spatial" parent="Scatter3D" instance=ExtResource( 27 )]
transform = Transform( -0.251299, 0, -0.967909, 0, 1, 0, 0.967909, 0, -0.251299, -0.328842, 9.4512, -132.241 )

[node name="Spatial22" type="Spatial" parent="Scatter3D" instance=ExtResource( 27 )]
transform = Transform( -0.290198, 0, 0.956967, 0, 1, 0, -0.956967, 0, -0.290198, -16.48, 6.16338, -15.5184 )

[node name="Spatial23" type="Spatial" parent="Scatter3D" instance=ExtResource( 27 )]
transform = Transform( -0.644099, 0, -0.764942, 0, 1, 0, 0.764942, 0, -0.644099, -14.2204, 7.87465, -21.0408 )

[node name="Spatial24" type="Spatial" parent="Scatter3D" instance=ExtResource( 27 )]
transform = Transform( -0.250176, 0, 0.9682, 0, 1, 0, -0.9682, 0, -0.250176, -16.3201, 8.30297, -22.0919 )

[node name="Spatial25" type="Spatial" parent="Scatter3D" instance=ExtResource( 27 )]
transform = Transform( 0.68125, 0, -0.732051, 0, 1, 0, 0.732051, 0, 0.68125, -12.4174, 8.6516, -22.5954 )

[node name="Spatial26" type="Spatial" parent="Scatter3D" instance=ExtResource( 27 )]
transform = Transform( 0.0588857, 0, 0.998265, 0, 1, 0, -0.998265, 0, 0.0588857, -16.2521, 8.48409, -22.3845 )

[node name="Spatial27" type="Spatial" parent="Scatter3D" instance=ExtResource( 27 )]
transform = Transform( 0.727738, 0, 0.685856, 0, 1, 0, -0.685856, 0, 0.727738, -20.7058, 9.03433, -31.2192 )

[node name="Spatial28" type="Spatial" parent="Scatter3D" instance=ExtResource( 27 )]
transform = Transform( -0.711463, 0, -0.702724, 0, 1, 0, 0.702724, 0, -0.711463, -19.2822, 8.97999, -43.7864 )

[node name="Spatial29" type="Spatial" parent="Scatter3D" instance=ExtResource( 27 )]
transform = Transform( -0.694593, 0, -0.719403, 0, 1, 0, 0.719403, 0, -0.694593, -21.6816, 6.37143, -2.57244 )

[node name="Spatial30" type="Spatial" parent="Scatter3D" instance=ExtResource( 27 )]
transform = Transform( -0.784145, 0, -0.620577, 0, 1, 0, 0.620577, 0, -0.784145, -24.5007, 7.17501, 6.16395 )

[node name="Spatial31" type="Spatial" parent="Scatter3D" instance=ExtResource( 27 )]
transform = Transform( -0.515908, 0, 0.856644, 0, 1, 0, -0.856644, 0, -0.515908, -17.6011, 7.2389, 3.66326 )

[node name="Spatial32" type="Spatial" parent="Scatter3D" instance=ExtResource( 27 )]
transform = Transform( -0.118289, 0, 0.992979, 0, 1, 0, -0.992979, 0, -0.118289, -22.2586, 5.60482, -11.0547 )

[node name="Spatial33" type="Spatial" parent="Scatter3D" instance=ExtResource( 27 )]
transform = Transform( 0.75812, 0, -0.652116, 0, 1, 0, 0.652116, 0, 0.75812, -27.4925, 5.72871, -14.4234 )

[node name="Spatial34" type="Spatial" parent="Scatter3D" instance=ExtResource( 27 )]
transform = Transform( -0.941167, 0, -0.337941, 0, 1, 0, 0.337941, 0, -0.941167, -36.2426, 3.71289, -12.0947 )

[node name="Spatial35" type="Spatial" parent="Scatter3D" instance=ExtResource( 27 )]
transform = Transform( 0.618989, 0, -0.7854, 0, 1, 0, 0.7854, 0, 0.618989, -40.4953, 3.6606, -9.81522 )

[node name="Spatial36" type="Spatial" parent="Scatter3D" instance=ExtResource( 27 )]
transform = Transform( 0.995403, 0, -0.0957729, 0, 1, 0, 0.0957729, 0, 0.995403, -38.3009, 7.3369, -27.4957 )

[node name="Spatial37" type="Spatial" parent="Scatter3D" instance=ExtResource( 27 )]
transform = Transform( 0.954812, 0, 0.297212, 0, 1, 0, -0.297212, 0, 0.954812, -36.6663, 9.03389, -29.9361 )

[node name="Spatial38" type="Spatial" parent="Scatter3D" instance=ExtResource( 27 )]
transform = Transform( -0.209888, 0, -0.977726, 0, 1, 0, 0.977726, 0, -0.209888, -31.3238, 8.83002, -41.7632 )

[node name="Spatial39" type="Spatial" parent="Scatter3D" instance=ExtResource( 27 )]
transform = Transform( 0.927068, 0, 0.374893, 0, 1, 0, -0.374893, 0, 0.927068, -24.5878, 8.87105, -50.9094 )

[node name="Spatial40" type="Spatial" parent="Scatter3D" instance=ExtResource( 27 )]
transform = Transform( -0.00908164, 0, -0.999959, 0, 1, 0, 0.999959, 0, -0.00908164, -32.6308, 12.2197, -67.4633 )

[node name="Spatial41" type="Spatial" parent="Scatter3D" instance=ExtResource( 27 )]
transform = Transform( 0.685634, 0, 0.727946, 0, 1, 0, -0.727946, 0, 0.685634, -33.2301, 12.4301, -75.2162 )

[node name="Spatial42" type="Spatial" parent="Scatter3D" instance=ExtResource( 27 )]
transform = Transform( -0.54048, 0, 0.841357, 0, 1, 0, -0.841357, 0, -0.54048, -25.6557, 11.025, -95.1594 )

[node name="Spatial43" type="Spatial" parent="Scatter3D" instance=ExtResource( 27 )]
transform = Transform( 0.374377, 0, -0.927276, 0, 1, 0, 0.927276, 0, 0.374377, -21.4426, 10.3784, -102.79 )

[node name="Spatial44" type="Spatial" parent="Scatter3D" instance=ExtResource( 27 )]
transform = Transform( 0.430227, 0, 0.902721, 0, 1, 0, -0.902721, 0, 0.430227, -19.4777, 13.2265, -109.171 )

[node name="Spatial45" type="Spatial" parent="Scatter3D" instance=ExtResource( 27 )]
transform = Transform( -0.830491, 0, -0.557033, 0, 1, 0, 0.557033, 0, -0.830491, -24.6404, 13.9791, -145.995 )

[node name="Spatial46" type="Spatial" parent="Scatter3D" instance=ExtResource( 27 )]
transform = Transform( -0.210279, 0, -0.977641, 0, 1, 0, 0.977641, 0, -0.210279, -29.0137, 14.4952, -108.488 )

[node name="Spatial47" type="Spatial" parent="Scatter3D" instance=ExtResource( 27 )]
transform = Transform( -0.446007, 0, 0.895029, 0, 1, 0, -0.895029, 0, -0.446007, -42.6892, 11.0472, -35.8826 )

[node name="Spatial48" type="Spatial" parent="Scatter3D" instance=ExtResource( 27 )]
transform = Transform( -0.30433, 0, -0.952567, 0, 1, 0, 0.952567, 0, -0.30433, -45.6875, 5.81845, -14.767 )

[node name="Spatial49" type="Spatial" parent="Scatter3D" instance=ExtResource( 27 )]
transform = Transform( 0.99772, 0, 0.0674865, 0, 1, 0, -0.0674865, 0, 0.99772, -44.2789, 4.41125, -7.85966 )

[node name="Spatial50" type="Spatial" parent="Scatter3D" instance=ExtResource( 27 )]
transform = Transform( -0.939236, 0, -0.343273, 0, 1, 0, 0.343273, 0, -0.939236, -13.4685, 7.11046, -19.2813 )

[node name="Spatial51" type="Spatial" parent="Scatter3D" instance=ExtResource( 27 )]
transform = Transform( 0.789329, 0, -0.613971, 0, 1, 0, 0.613971, 0, 0.789329, 35.3377, 2.93746, -120.563 )

[node name="Spatial52" type="Spatial" parent="Scatter3D" instance=ExtResource( 27 )]
transform = Transform( -0.833534, 0, 0.552468, 0, 1, 0, -0.552468, 0, -0.833534, 22.9788, 3.86341, -101.791 )

[node name="Spatial53" type="Spatial" parent="Scatter3D" instance=ExtResource( 27 )]
transform = Transform( 0.59469, 0, -0.803955, 0, 1, 0, 0.803955, 0, 0.59469, 18.1421, 3.55118, -97.2619 )

[node name="Spatial54" type="Spatial" parent="Scatter3D" instance=ExtResource( 27 )]
transform = Transform( 0.752032, 0, -0.659127, 0, 1, 0, 0.659127, 0, 0.752032, 17.3344, 3.14213, -97.374 )

[node name="Spatial55" type="Spatial" parent="Scatter3D" instance=ExtResource( 27 )]
transform = Transform( -0.864457, 0, -0.502706, 0, 1, 0, 0.502706, 0, -0.864457, -11.7866, 7.38298, -19.034 )

[node name="Spatial56" type="Spatial" parent="Scatter3D" instance=ExtResource( 27 )]
transform = Transform( 0.999337, 0, 0.0364097, 0, 1, 0, -0.0364097, 0, 0.999337, 0.608795, 5.95876, -13.8961 )

[node name="Spatial57" type="Spatial" parent="Scatter3D" instance=ExtResource( 27 )]
transform = Transform( -0.96863, 0, 0.248509, 0, 1, 0, -0.248509, 0, -0.96863, -5.60177, 6.06163, -14.6633 )

[node name="Spatial58" type="Spatial" parent="Scatter3D" instance=ExtResource( 27 )]
transform = Transform( 0.919475, 0, 0.393148, 0, 1, 0, -0.393148, 0, 0.919475, -9.32355, 11.1049, -38.4019 )

[node name="Spatial59" type="Spatial" parent="Scatter3D" instance=ExtResource( 27 )]
transform = Transform( 0.666362, 0, -0.745629, 0, 1, 0, 0.745629, 0, 0.666362, -17.7471, 13.0032, -122.084 )

[node name="Spatial60" type="Spatial" parent="Scatter3D" instance=ExtResource( 27 )]
transform = Transform( 0.870681, 0, -0.491848, 0, 1, 0, 0.491848, 0, 0.870681, -17.3801, 12.4267, -110.034 )

[node name="Spatial61" type="Spatial" parent="Scatter3D" instance=ExtResource( 27 )]
transform = Transform( 0.955906, 0, -0.293674, 0, 1, 0, 0.293674, 0, 0.955906, -17.3882, 11.7513, -108.441 )

[node name="Spatial62" type="Spatial" parent="Scatter3D" instance=ExtResource( 27 )]
transform = Transform( -0.752737, 0, -0.658322, 0, 1, 0, 0.658322, 0, -0.752737, -17.4196, 11.602, -107.673 )

[node name="Spatial63" type="Spatial" parent="Scatter3D" instance=ExtResource( 27 )]
transform = Transform( -0.852905, 0, -0.522066, 0, 1, 0, 0.522066, 0, -0.852905, -17.448, 11.4568, -106.855 )

[node name="Spatial64" type="Spatial" parent="Scatter3D" instance=ExtResource( 27 )]
transform = Transform( 0.786039, 0, 0.618177, 0, 1, 0, -0.618177, 0, 0.786039, -17.3422, 10.6103, -105.386 )

[node name="Spatial65" type="Spatial" parent="Scatter3D" instance=ExtResource( 27 )]
transform = Transform( 0.453657, 0, 0.891176, 0, 1, 0, -0.891176, 0, 0.453657, -17.4194, 10.3118, -104.247 )

[node name="Spatial66" type="Spatial" parent="Scatter3D" instance=ExtResource( 27 )]
transform = Transform( 0.909419, 0, 0.415882, 0, 1, 0, -0.415882, 0, 0.909419, -17.3376, 9.98256, -103.581 )

[node name="Spatial67" type="Spatial" parent="Scatter3D" instance=ExtResource( 27 )]
transform = Transform( -0.999343, 0, -0.0362552, 0, 1, 0, 0.0362552, 0, -0.999343, -17.4892, 9.49949, -102.71 )

[node name="Spatial68" type="Spatial" parent="Scatter3D" instance=ExtResource( 27 )]
transform = Transform( -0.831066, 0, -0.556173, 0, 1, 0, 0.556173, 0, -0.831066, -17.3207, 7.95986, -94.4523 )

[node name="Spatial69" type="Spatial" parent="Scatter3D" instance=ExtResource( 27 )]
transform = Transform( 0.765714, 0, -0.643181, 0, 1, 0, 0.643181, 0, 0.765714, -17.4697, 12.0975, -109.077 )

[node name="Spatial70" type="Spatial" parent="Scatter3D" instance=ExtResource( 27 )]
transform = Transform( -0.314478, 0, -0.949265, 0, 1, 0, 0.949265, 0, -0.314478, -17.0416, 9.78598, -103.565 )

[node name="Spatial71" type="Spatial" parent="Scatter3D" instance=ExtResource( 27 )]
transform = Transform( -0.155553, 0, 0.987827, 0, 1, 0, -0.987827, 0, -0.155553, -16.9365, 8.1529, -96.0895 )

[node name="Spatial72" type="Spatial" parent="Scatter3D" instance=ExtResource( 27 )]
transform = Transform( -0.371711, 0, -0.928348, 0, 1, 0, 0.928348, 0, -0.371711, -16.902, 11.5421, -108.513 )

[node name="Spatial73" type="Spatial" parent="Scatter3D" instance=ExtResource( 27 )]
transform = Transform( 0.999964, 0, 0.00850215, 0, 1, 0, -0.00850215, 0, 0.999964, -16.6171, 9.41467, -103.295 )

[node name="Spatial74" type="Spatial" parent="Scatter3D" instance=ExtResource( 27 )]
transform = Transform( -0.877565, 0, 0.479458, 0, 1, 0, -0.479458, 0, -0.877565, -16.6171, 9.41467, -103.295 )

[node name="Spatial75" type="Spatial" parent="Scatter3D" instance=ExtResource( 27 )]
transform = Transform( 0.939397, 0, 0.342832, 0, 1, 0, -0.342832, 0, 0.939397, -16.6628, 9.26318, -102.846 )

[node name="Spatial76" type="Spatial" parent="Scatter3D" instance=ExtResource( 27 )]
transform = Transform( 0.804099, 0, 0.594496, 0, 1, 0, -0.594496, 0, 0.804099, -16.7076, 9.11359, -102.384 )

[node name="Spatial77" type="Spatial" parent="Scatter3D" instance=ExtResource( 27 )]
transform = Transform( 0.144385, 0, 0.989522, 0, 1, 0, -0.989522, 0, 0.144385, -16.5175, 9.04708, -100.523 )

[node name="Spatial78" type="Spatial" parent="Scatter3D" instance=ExtResource( 27 )]
transform = Transform( -0.535003, 0, 0.84485, 0, 1, 0, -0.84485, 0, -0.535003, -16.0396, 8.22613, -96.6929 )

[node name="Spatial79" type="Spatial" parent="Scatter3D" instance=ExtResource( 27 )]
transform = Transform( -0.541148, 0, 0.840928, 0, 1, 0, -0.840928, 0, -0.541148, -14.9915, 8.4994, -76.9495 )

[node name="Spatial80" type="Spatial" parent="Scatter3D" instance=ExtResource( 27 )]
transform = Transform( -0.999998, 0, 0.00203672, 0, 1, 0, -0.00203672, 0, -0.999998, -13.7794, 10.8179, -45.6612 )

[node name="Spatial81" type="Spatial" parent="Scatter3D" instance=ExtResource( 27 )]
transform = Transform( 0.321799, 0, -0.946808, 0, 1, 0, 0.946808, 0, 0.321799, -13.7132, 10.4293, -44.3771 )

[node name="Spatial82" type="Spatial" parent="Scatter3D" instance=ExtResource( 27 )]
transform = Transform( -0.366857, 0, -0.930277, 0, 1, 0, 0.930277, 0, -0.366857, -13.2025, 9.56115, -37.923 )

[node name="Spatial83" type="Spatial" parent="Scatter3D" instance=ExtResource( 27 )]
transform = Transform( -0.954938, 0, 0.296807, 0, 1, 0, -0.296807, 0, -0.954938, -13.0467, 9.29346, -36.28 )

[node name="Spatial84" type="Spatial" parent="Scatter3D" instance=ExtResource( 27 )]
transform = Transform( 0.340776, 0, -0.940144, 0, 1, 0, 0.940144, 0, 0.340776, -13.1278, 9.07754, -35.8667 )

[node name="Spatial85" type="Spatial" parent="Scatter3D" instance=ExtResource( 27 )]
transform = Transform( -0.490242, 0, -0.871586, 0, 1, 0, 0.871586, 0, -0.490242, 72.8583, 7.05619, -70.8542 )

[node name="Spatial86" type="Spatial" parent="Scatter3D" instance=ExtResource( 27 )]
transform = Transform( -0.294387, 0, -0.955686, 0, 1, 0, 0.955686, 0, -0.294387, 88.5739, 10.8331, -68.7603 )

[node name="Spatial87" type="Spatial" parent="Scatter3D" instance=ExtResource( 27 )]
transform = Transform( 0.0291482, 0, -0.999575, 0, 1, 0, 0.999575, 0, 0.0291482, 88.5739, 10.8331, -68.7603 )

[node name="Spatial88" type="Spatial" parent="Scatter3D" instance=ExtResource( 27 )]
transform = Transform( 0.952855, 0, -0.303425, 0, 1, 0, 0.303425, 0, 0.952855, 79.5144, 9.49992, -62.8883 )

[node name="Spatial89" type="Spatial" parent="Scatter3D" instance=ExtResource( 27 )]
transform = Transform( 0.143801, 0, -0.989607, 0, 1, 0, 0.989607, 0, 0.143801, 50.2687, 9.92474, -43.1105 )

[node name="Spatial90" type="Spatial" parent="Scatter3D" instance=ExtResource( 27 )]
transform = Transform( -0.471929, 0, 0.881637, 0, 1, 0, -0.881637, 0, -0.471929, 47.6566, 8.61783, -41.5785 )

[node name="Spatial91" type="Spatial" parent="Scatter3D" instance=ExtResource( 27 )]
transform = Transform( -0.85532, 0, -0.518101, 0, 1, 0, 0.518101, 0, -0.85532, 43.9148, 7.49589, -39.2537 )

[node name="Spatial92" type="Spatial" parent="Scatter3D" instance=ExtResource( 27 )]
transform = Transform( 0.583217, 0, 0.812316, 0, 1, 0, -0.812316, 0, 0.583217, 45.3986, 7.83517, -40.194 )

[node name="Spatial93" type="Spatial" parent="Scatter3D" instance=ExtResource( 27 )]
transform = Transform( -0.789056, 0, -0.614321, 0, 1, 0, 0.614321, 0, -0.789056, -2.46012, 8.1669, -17.3455 )

[node name="Spatial94" type="Spatial" parent="Scatter3D" instance=ExtResource( 27 )]
transform = Transform( -0.978918, 0, 0.204254, 0, 1, 0, -0.204254, 0, -0.978918, -17.2997, 8.91154, -27.2225 )

[node name="Spatial95" type="Spatial" parent="Scatter3D" instance=ExtResource( 27 )]
transform = Transform( -0.913529, 0, -0.406775, 0, 1, 0, 0.406775, 0, -0.913529, -47.4898, 5.10768, 9.49132 )

[node name="Spatial96" type="Spatial" parent="Scatter3D" instance=ExtResource( 27 )]
transform = Transform( -0.896948, 0, 0.442137, 0, 1, 0, -0.442137, 0, -0.896948, -14.0007, 8.53548, -23.3895 )

[node name="Spatial97" type="Spatial" parent="Scatter3D" instance=ExtResource( 27 )]
transform = Transform( 0.796981, 0, 0.604004, 0, 1, 0, -0.604004, 0, 0.796981, -14.5929, 9.34515, -27.4455 )
